
# Curve 0 of 1, 100 points
# Curve title: "AxLy(xk, Ak) * pi"
# x y delta_x delta_y type
 0  0  0  0  u
 0  0  0  0  u
 0  0  0  0  u
 0  0  0  0  u
 0  0  0  0  u
 0  0  0  0  u
 0  0  0  0  u
 0  0  0  0  u
 0  0  0  0  u
 0  0  0  0  u
 0  0  0  0  u
 0  0  0  0  u
 0  0  0  0  u
 0  0  0  0  u
 0  0  0  0  u
 0  0  0  0  u
 0  0  0  0  u
 0  0  0  0  u
 0  0  0  0  u
 0  0  0  0  u
 0  0  0  0  u
 0  0  0  0  u
 0  0  0  0  u
 0  0  0  0  u
 0  0  0  0  u
 0  0  0  0  u
 0  0  0  0  u
 0  0  0  0  u
 0  0  0  0  u
 0  0  0  0  u
 0  0  0  0  u
 0  0  0  0  u
 0  0  0  0  u
 0  0  0  0  u
 0  0  0  0  u
 0  0  0  0  u
 0  0  0  0  u
 0  0  0  0  u
 0  0  0  0  u
 0  0  0  0  u
 0  0  0  0  u
 0  0  0  0  u
 0  0  0  0  u
 0  0  0  0  u
 0  0  0  0  u
 0  0  0  0  u
 0  0  0  0  u
 0  0  0  0  u
 0  0  0  0  u
 0  0  0  0  u
 0  0  0  0  u
 0  0  0  0  u
 0  0  0  0  u
 0  0  0  0  u
 0  0  0  0  u
 0  0  0  0  u
 0  0  0  0  u
 0  0  0  0  u
 0  0  0  0  u
 0  0  0  0  u
 0  0  0  0  u
 0  0  0  0  u
 0  0  0  0  u
 0  0  0  0  u
 0  0  0  0  u
 0  0  0  0  u
 0  0  0  0  u
 0  0  0  0  u
 0  0  0  0  u
 0  0  0  0  u
 0  0  0  0  u
 0  0  0  0  u
 0  0  0  0  u
 0  0  0  0  u
 0  0  0  0  u
 0  0  0  0  u
 0  0  0  0  u
 0  0  0  0  u
 0  0  0  0  u
 0  0  0  0  u
 0  0  0  0  u
 0  0  0  0  u
 0  0  0  0  u
 0  0  0  0  u
 0  0  0  0  u
 0  0  0  0  u
 0  0  0  0  u
 0  0  0  0  u
 0  0  0  0  u
 0  0  0  0  u
 0  0  0  0  u
 0  0  0  0  u
 0  0  0  0  u
 0  0  0  0  u
 0  0  0  0  u
 0  0  0  0  u
 0  0  0  0  u
 0  0  0  0  u
 0  0  0  0  u
 0  0  0  0  u

